{"keyframes": [{"matrix": "[0.9992911816197737,0.03764564209491242,-1.734723528046077e-18,0,-0.0353052174612208,0.9371653798656896,0.3470945551775436,0,0.013066596889122902,-0.3468485146875872,0.9378301509258353,0,-0.02101065018653799,0.08685377305359493,-0.00030737476351563875,1]", "fov": 50, "aspect": 1.6097560975609757, "properties": "[[\"FOV\",50],[\"NAME\",\"Camera 0\"],[\"TIME\",0]]"}, {"matrix": "[0.9992911816197736,0.03764564209491274,0,0,-0.03530521746122109,0.9371653798656896,0.3470945551775435,0,0.013066596889123006,-0.3468485146875871,0.9378301509258353,0,0.07842928420521728,0.04365590198985747,-0.017669216817140093,1]", "fov": 50, "aspect": 1.6097560975609757, "properties": "[[\"FOV\",50],[\"NAME\",\"Camera 1\"],[\"TIME\",0.11111111111111113]]"}, {"matrix": "[0.9992911816197737,0.037645642094912175,0,0,-0.03530521746122057,0.9371653798656896,0.3470945551775436,0,0.013066596889122817,-0.3468485146875872,0.9378301509258353,0,0.20150712522642716,-0.027244628538159378,-0.04560599429539408,1]", "fov": 50, "aspect": 1.6097560975609757, "properties": "[[\"FOV\",50],[\"NAME\",\"Camera 2\"],[\"TIME\",0.22222222222222227]]"}, {"matrix": "[0.9992911816197737,0.037645642094912314,-8.673617640230384e-19,0,-0.03530521746122069,0.9371653798656896,0.3470945551775434,0,0.013066596889122855,-0.346848514687587,0.9378301509258354,0,0.402902082186738,-0.11752881094485404,-0.08180282722098914,1]", "fov": 50, "aspect": 1.6097560975609757, "properties": "[[\"FOV\",50],[\"NAME\",\"Camera 3\"],[\"TIME\",0.33333333333333337]]"}, {"matrix": "[0.9992911816197737,0.037645642094911974,0,0,-0.03530521746122038,0.9371653798656896,0.3470945551775436,0,0.013066596889122746,-0.3468485146875872,0.9378301509258353,0,0.799713043538413,-0.37889797716507123,-0.1839966795589305,1]", "fov": 50, "aspect": 1.6097560975609757, "properties": "[[\"FOV\",50],[\"NAME\",\"Camera 4\"],[\"TIME\",0.44444444444444453]]"}, {"matrix": "[0.9996357200830079,0.026990501401562818,1.734723528046077e-18,0,-0.024999993819454547,0.9259141374207359,0.3769058878103722,0,0.010172878497561369,-0.37676857391163115,0.9262515718402279,0,1.0377272865497575,-0.560065417479995,-0.4256796701800565,1]", "fov": 50, "aspect": 1.6097560975609757, "properties": "[[\"FOV\",50],[\"NAME\",\"Camera 5\"],[\"TIME\",0.5555555555555556]]"}, {"matrix": "[0.9956842374728787,-0.09280603040661624,0,0,0.07326092166173977,0.7859914339804513,0.6138813736376998,0,-0.05697189121213515,-0.611231983637332,0.7893983062252593,0,0.9808784760888953,-0.6909519918760268,-0.5479636342615983,1]", "fov": 50, "aspect": 1.6097560975609757, "properties": "[[\"FOV\",50],[\"NAME\",\"Camera 6\"],[\"TIME\",0.6666666666666666]]"}, {"matrix": "[0.9956842374728787,-0.09280603040661635,-3.469447056092154e-18,0,0.07326092166173988,0.7859914339804513,0.6138813736376998,0,-0.056971891212135216,-0.611231983637332,0.7893983062252593,0,0.40148699742397703,-0.39907602364090433,-0.36377917680572613,1]", "fov": 50, "aspect": 1.6097560975609757, "properties": "[[\"FOV\",50],[\"NAME\",\"Camera 7\"],[\"TIME\",0.7777777777777777]]"}, {"matrix": "[0.9956842374728787,-0.0928060304066163,6.938894112184308e-18,0,0.07326092166173982,0.7859914339804513,0.6138813736376998,0,-0.056971891212135195,-0.611231983637332,0.7893983062252593,0,0.14041502675607886,-0.25286397525989934,-0.2694089256097324,1]", "fov": 50, "aspect": 1.6097560975609757, "properties": "[[\"FOV\",50],[\"NAME\",\"Camera 8\"],[\"TIME\",0.8888888888888888]]"}, {"matrix": "[0.9956842374728787,-0.0928060304066163,-3.469447056092154e-18,0,0.07326092166173982,0.7859914339804513,0.6138813736376998,0,-0.05697189121213519,-0.611231983637332,0.7893983062252593,0,-0.04029019444945696,-0.14025353020600315,-0.195256261431244,1]", "fov": 50, "aspect": 1.6097560975609757, "properties": "[[\"FOV\",50],[\"NAME\",\"Camera 9\"],[\"TIME\",1]]"}], "camera_type": "perspective", "render_height": 1080, "render_width": 1920, "camera_path": [{"camera_to_world": [0.9992911516251601, -0.03530521679337526, 0.013066596757928895, -0.02101065018653799, 0.03764564096494499, 0.9371653621379497, -0.3468485112050854, 0.08685377305359493, -1.734723475976807e-18, 0.3470945486117847, 0.9378301415096348, -0.00030737476351563875, 0, 0, 0, 1], "fov": 50, "aspect": 1.6097560975609757}, {"camera_to_world": [0.9992911516251601, -0.03530521679337529, 0.013066596757928907, -0.011782295339237933, 0.03764564096494503, 0.9371653621379497, -0.3468485112050854, 0.08291429970008807, -3.469446951953614e-18, 0.3470945486117847, 0.9378301415096348, -0.0018929323109955019, 0, 0, 0, 1], "fov": 50, "aspect": 1.6097560975609757}, {"camera_to_world": [0.9992911516251601, -0.03530521679337533, 0.013066596757928917, -0.0027032644260289746, 0.03764564096494507, 0.9371653621379497, -0.3468485112050854, 0.07914982788799678, 1.734723475976807e-18, 0.3470945486117847, 0.9378301415096348, -0.0034116865249518573, 0, 0, 0, 1], "fov": 50, "aspect": 1.6097560975609757}, {"camera_to_world": [0.9992911516251601, -0.035305216793375366, 0.013066596757928933, 0.006284873657733233, 0.03764564096494511, 0.9371653621379497, -0.34684851120508536, 0.0754918787532889, -3.469446951953614e-18, 0.3470945486117847, 0.9378301415096348, -0.004889777840241729, 0, 0, 0, 1], "fov": 50, "aspect": 1.6097560975609757}, {"camera_to_world": [0.9992911516251601, -0.03530521679337541, 0.013066596757928947, 0.015240550016693019, 0.03764564096494515, 0.9371653621379497, -0.34684851120508536, 0.07187197343193223, -1.734723475976807e-18, 0.3470945486117847, 0.9378301415096348, -0.006353346691722142, 0, 0, 0, 1], "fov": 50, "aspect": 1.6097560975609757}, {"camera_to_world": [0.9992911516251601, -0.03530521679337544, 0.01306659675792896, 0.02422219575549475, 0.03764564096494519, 0.9371653621379497, -0.34684851120508536, 0.06822163305989459, -3.469446951953614e-18, 0.3470945486117847, 0.9378301415096348, -0.007828533514250124, 0, 0, 0, 1], "fov": 50, "aspect": 1.6097560975609757}, {"camera_to_world": [0.9992911516251601, -0.035305216793375484, 0.013066596757928975, 0.03328824197878274, 0.03764564096494523, 0.9371653621379497, -0.34684851120508536, 0.06447237877314378, -1.734723475976807e-18, 0.3470945486117847, 0.9378301415096348, -0.009341478742682695, 0, 0, 0, 1], "fov": 50, "aspect": 1.6097560975609757}, {"camera_to_world": [0.9992911516251601, -0.035305216793375505, 0.013066596757928983, 0.04249711979120136, 0.03764564096494526, 0.9371653621379497, -0.3468485112050854, 0.06055573170764765, 0, 0.3470945486117847, 0.9378301415096348, -0.010918322811876883, 0, 0, 0, 1], "fov": 50, "aspect": 1.6097560975609757}, {"camera_to_world": [0.9992911516251601, -0.035305216793375525, 0.013066596757928994, 0.05190726029739491, 0.03764564096494528, 0.9371653621379497, -0.3468485112050854, 0.05640321299937399, -3.469446951953614e-18, 0.3470945486117847, 0.9378301415096348, -0.012585206156689711, 0, 0, 0, 1], "fov": 50, "aspect": 1.6097560975609757}, {"camera_to_world": [0.9992911516251601, -0.03530521679337554, 0.013066596757928999, 0.0615770946020078, 0.03764564096494529, 0.9371653621379497, -0.34684851120508536, 0.05194634378429061, -5.204170427930421e-18, 0.3470945486117847, 0.9378301415096348, -0.01436826921197821, 0, 0, 0, 1], "fov": 50, "aspect": 1.6097560975609757}, {"camera_to_world": [0.9992911516251601, -0.035305216793375546, 0.013066596757928999, 0.07156505380968432, 0.0376456409649453, 0.9371653621379497, -0.3468485112050854, 0.047116645198365344, 0, 0.3470945486117847, 0.9378301415096348, -0.016293652412599394, 0, 0, 0, 1], "fov": 50, "aspect": 1.6097560975609757}, {"camera_to_world": [0.9992911516251601, -0.035305216793375546, 0.013066596757928997, 0.08189180189849149, 0.0376456409649453, 0.9371653621379497, -0.3468485112050853, 0.04185565269835408, -1.734723475976807e-18, 0.3470945486117846, 0.9378301415096348, -0.018383266280237127, 0, 0, 0, 1], "fov": 50, "aspect": 1.6097560975609757}, {"camera_to_world": [0.9992911516251601, -0.03530521679337552, 0.013066596757928987, 0.09214753265668002, 0.03764564096494527, 0.9371653621379497, -0.3468485112050853, 0.036251456647390955, -3.469446951953614e-18, 0.3470945486117846, 0.9378301415096348, -0.020598821595732154, 0, 0, 0, 1], "fov": 50, "aspect": 1.6097560975609757}, {"camera_to_world": [0.9992911516251601, -0.03530521679337548, 0.013066596757928975, 0.10231065658605833, 0.03764564096494523, 0.9371653621379497, -0.3468485112050853, 0.030358082517475193, -5.204170427930421e-18, 0.3470945486117846, 0.9378301415096348, -0.022920036695107948, 0, 0, 0, 1], "fov": 50, "aspect": 1.6097560975609757}, {"camera_to_world": [0.9992911516251601, -0.03530521679337543, 0.013066596757928954, 0.112516336527022, 0.03764564096494517, 0.9371653621379497, -0.3468485112050853, 0.02419609426168394, -3.469446951953614e-18, 0.3470945486117846, 0.9378301415096348, -0.025341189371389423, 0, 0, 0, 1], "fov": 50, "aspect": 1.6097560975609757}, {"camera_to_world": [0.9992911516251601, -0.035305216793375366, 0.013066596757928933, 0.12289973531996654, 0.03764564096494511, 0.9371653621379497, -0.34684851120508536, 0.01778605583309444, -3.469446951953614e-18, 0.3470945486117847, 0.9378301415096348, -0.027856557417601447, 0, 0, 0, 1], "fov": 50, "aspect": 1.6097560975609757}, {"camera_to_world": [0.9992911516251601, -0.0353052167933753, 0.01306659675792891, 0.13359601580528746, 0.03764564096494504, 0.9371653621379497, -0.3468485112050853, 0.011148531184783898, -6.938893903907228e-18, 0.3470945486117846, 0.9378301415096348, -0.03046041862676891, 0, 0, 0, 1], "fov": 50, "aspect": 1.6097560975609757}, {"camera_to_world": [0.9992911516251601, -0.03530521679337524, 0.013066596757928884, 0.14474034082338041, 0.03764564096494498, 0.9371653621379497, -0.34684851120508536, 0.004304084269829474, -1.734723475976807e-18, 0.3470945486117847, 0.9378301415096348, -0.03314705079191673, 0, 0, 0, 1], "fov": 50, "aspect": 1.6097560975609757}, {"camera_to_world": [0.9992911516251601, -0.03530521679337518, 0.013066596757928865, 0.15646787321464084, 0.03764564096494491, 0.9371653621379497, -0.3468485112050853, -0.0027267209586915725, -6.938893903907228e-18, 0.3470945486117846, 0.9378301415096348, -0.035910731706069766, 0, 0, 0, 1], "fov": 50, "aspect": 1.6097560975609757}, {"camera_to_world": [0.9992911516251601, -0.03530521679337512, 0.013066596757928846, 0.16891377581946435, 0.037645640964944854, 0.9371653621379497, -0.34684851120508536, -0.009923320547702091, -6.938893903907228e-18, 0.3470945486117846, 0.9378301415096348, -0.038745739162252935, 0, 0, 0, 1], "fov": 50, "aspect": 1.6097560975609757}, {"camera_to_world": [0.9992911516251601, -0.03530521679337508, 0.013066596757928829, 0.18221321147824648, 0.037645640964944806, 0.9371653621379497, -0.34684851120508536, -0.017265150544124863, -5.204170427930421e-18, 0.3470945486117846, 0.9378301415096348, -0.04164635095349111, 0, 0, 0, 1], "fov": 50, "aspect": 1.6097560975609757}, {"camera_to_world": [0.9992911516251601, -0.03530521679337504, 0.013066596757928817, 0.19650134303138278, 0.03764564096494476, 0.9371653621379497, -0.3468485112050853, -0.024731646994882676, -1.0408340855860843e-17, 0.34709454861178457, 0.9378301415096348, -0.04460684487280919, 0, 0, 0, 1], "fov": 50, "aspect": 1.6097560975609757}, {"camera_to_world": [0.9992911516251601, -0.03530521679337502, 0.013066596757928806, 0.21158544881181662, 0.03764564096494474, 0.9371653621379497, -0.3468485112050854, -0.03204173607750533, -3.469446951953614e-18, 0.3470945486117846, 0.9378301415096348, -0.04752058300279979, 0, 0, 0, 1], "fov": 50, "aspect": 1.6097560975609757}, {"camera_to_world": [0.9992911516251601, -0.035305216793375026, 0.013066596757928805, 0.22660650066452814, 0.03764564096494474, 0.9371653621379497, -0.3468485112050854, -0.03851132550887232, 1.734723475976807e-18, 0.3470945486117846, 0.9378301415096348, -0.05012259095904766, 0, 0, 0, 1], "fov": 50, "aspect": 1.6097560975609757}, {"camera_to_world": [0.9992911516251601, -0.03530521679337503, 0.013066596757928806, 0.24176912964911415, 0.03764564096494475, 0.9371653621379497, -0.34684851120508536, -0.04444295680898405, 0, 0.3470945486117846, 0.9378301415096348, -0.052527612235674793, 0, 0, 0, 1], "fov": 50, "aspect": 1.6097560975609757}, {"camera_to_world": [0.9992911516251601, -0.03530521679337505, 0.013066596757928811, 0.2573627952981869, 0.037645640964944764, 0.9371653621379497, -0.34684851120508536, -0.0502116241150086, 0, 0.3470945486117846, 0.9378301415096348, -0.054878368209669924, 0, 0, 0, 1], "fov": 50, "aspect": 1.6097560975609757}, {"camera_to_world": [0.9992911516251601, -0.03530521679337507, 0.013066596757928818, 0.2736769571443582, 0.037645640964944785, 0.9371653621379497, -0.34684851120508536, -0.0561923215641139, 0, 0.3470945486117846, 0.9378301415096348, -0.05731758025802169, 0, 0, 0, 1], "fov": 50, "aspect": 1.6097560975609757}, {"camera_to_world": [0.99929115162516, -0.035305216793375095, 0.013066596757928825, 0.2910010747202405, 0.037645640964944806, 0.9371653621379499, -0.34684851120508525, -0.06276004329346815, -3.4694469519536134e-18, 0.34709454861178457, 0.9378301415096348, -0.05998796975771884, 0, 0, 0, 1], "fov": 50, "aspect": 1.6097560975609757}, {"camera_to_world": [0.99929115162516, -0.03530521679337512, 0.013066596757928834, 0.3096246075584458, 0.03764564096494484, 0.9371653621379499, -0.34684851120508525, -0.07028978344023935, -1.7347234759768067e-18, 0.34709454861178457, 0.9378301415096348, -0.06303225808575005, 0, 0, 0, 1], "fov": 50, "aspect": 1.6097560975609757}, {"camera_to_world": [0.99929115162516, -0.03530521679337515, 0.013066596757928841, 0.3298370151915858, 0.03764564096494486, 0.9371653621379499, -0.34684851120508525, -0.0791565361415954, 0, 0.34709454861178457, 0.9378301415096348, -0.06659316661910394, 0, 0, 0, 1], "fov": 50, "aspect": 1.6097560975609757}, {"camera_to_world": [0.99929115162516, -0.035305216793375165, 0.013066596757928844, 0.3519277571522733, 0.037645640964944875, 0.9371653621379499, -0.3468485112050852, -0.08973529553470455, 0, 0.3470945486117845, 0.9378301415096348, -0.07081341673476932, 0, 0, 0, 1], "fov": 50, "aspect": 1.6097560975609757}, {"camera_to_world": [0.99929115162516, -0.03530521679337517, 0.013066596757928848, 0.37618629297312, 0.03764564096494489, 0.9371653621379499, -0.3468485112050852, -0.10240105575673479, -1.7347234759768067e-18, 0.3470945486117845, 0.9378301415096348, -0.07583572980973484, 0, 0, 0, 1], "fov": 50, "aspect": 1.6097560975609757}, {"camera_to_world": [0.99929115162516, -0.03530521679337517, 0.013066596757928844, 0.40290208218673773, 0.03764564096494488, 0.9371653621379499, -0.3468485112050852, -0.11752881094485387, 1.7347234759768067e-18, 0.3470945486117845, 0.9378301415096348, -0.08180282722098908, 0, 0, 0, 1], "fov": 50, "aspect": 1.6097560975609757}, {"camera_to_world": [0.9992895532634298, -0.03534617654294046, 0.013078093988435574, 0.43321241407992794, 0.03768804501055027, 0.9372080162066625, -0.3467286339794497, -0.13576516033384287, -1.363013535768745e-06, 0.34697518954785195, 0.937874308122562, -0.08828723096389456, 0, 0, 0, 1], "fov": 50, "aspect": 1.6097560975609757}, {"camera_to_world": [0.999285411311544, -0.035452103064240764, 0.013107826983943253, 0.46747788033805254, 0.03779770780792575, 0.9373182484891434, -0.3464185825467671, -0.15709259933007327, -4.9381382722368805e-06, 0.34666648156054414, 0.9379884597040882, -0.0948874267290318, 0, 0, 0, 1], "fov": 50, "aspect": 1.6097560975609757}, {"camera_to_world": [0.9992797036259053, -0.035597566343419346, 0.013148657412407214, 0.5048228940915659, 0.03794830459991209, 0.9374694461588631, -0.3459927220283497, -0.1808899663281, -9.96570539759517e-06, 0.3462424739817755, 0.9381450576065858, -0.10178508143621706, 0, 0, 0, 1], "fov": 50, "aspect": 1.6097560975609757}, {"camera_to_world": [0.9992734159713889, -0.035757139990909285, 0.013193448091470031, 0.5443718684709231, 0.03811351319835914, 0.9376350728554769, -0.34552544083320863, -0.2065360997224783, -1.5638104166770805e-05, 0.34577723622438644, 0.9383166324138534, -0.10916186200526665, 0, 0, 0, 1], "fov": 50, "aspect": 1.6097560975609757}, {"camera_to_world": [0.9992675492516443, -0.03590540476136093, 0.013235064092613815, 0.585249216606578, 0.03826701672802488, 0.9377887389010108, -0.3450911714622509, -0.2334098379077628, -2.1055873762039146e-05, 0.3453448755944909, 0.9384758475620327, -0.11719943535599668, 0, 0, 0, 1], "fov": 50, "aspect": 1.6097560975609757}, {"camera_to_world": [0.9992631198755916, -0.036016948901219425, 0.013266372840605294, 0.6265793516289855, 0.038382504089460825, 0.9379042051110217, -0.3447643911642922, -0.2608900192785083, -2.522541425001648e-05, 0.34501953774664634, 0.9385955028321672, -0.12607946840822337, 0, 0, 0, 1], "fov": 50, "aspect": 1.6097560975609757}, {"camera_to_world": [0.9992611532766159, -0.03606636513303166, 0.013280243159618581, 0.6674866866685999, 0.03843366776630075, 0.9379553200646779, -0.3446196029601299, -0.2883554822292702, -2.7098290956352467e-05, 0.3448753903491214, 0.9386484775448282, -0.135983628081763, 0, 0, 0, 1], "fov": 50, "aspect": 1.6097560975609757}, {"camera_to_world": [0.9992626705955279, -0.036028244151614076, 0.013269543234242093, 0.7070956348558759, 0.03839419873187598, 0.937915890746701, -0.3447312973731278, -0.3151850651546032, -2.5652113884307506e-05, 0.3449865903309494, 0.9386076133474492, -0.14709358129643182, 0, 0, 0, 1], "fov": 50, "aspect": 1.6097560975609757}, {"camera_to_world": [0.9992686685195817, -0.03587716472136407, 0.013227137508104222, 0.7445306093212676, 0.038237778630326485, 0.9377594866248409, -0.3451738946249168, -0.340757606449062, -2.0013004143087928e-05, 0.34542723444550694, 0.9384455366737106, -0.1595909949720459, 0, 0, 0, 1], "fov": 50, "aspect": 1.6097560975609757}, {"camera_to_world": [0.9992800922379792, -0.03558768082636993, 0.013145882635120405, 0.7789160231952298, 0.037938070118511504, 0.9374591774810637, -0.34602166607339846, -0.36445194450720186, -9.61971115371295e-06, 0.3462712918073458, 0.9381344212731633, -0.1736575360284216, 0, 0, 0, 1], "fov": 50, "aspect": 1.6097560975609757}, {"camera_to_world": [0.9992959647705244, -0.035175322468404935, 0.013048811539400448, 0.8096190123291527, 0.037517657616237314, 0.9370243264583733, -0.3472431957464718, -0.3857592974043813, -1.266245844735309e-05, 0.3474882851471046, 0.9376843240265812, -0.18956032507780016, 0, 0, 0, 1], "fov": 50, "aspect": 1.6097560975609757}, {"camera_to_world": [0.9992955867434847, -0.035099914335553886, 0.013278792438752532, 0.8390791604118831, 0.03752697467796884, 0.9368694900615101, -0.3476597255412324, -0.405725401961069, -0.00023766891630728695, 0.3479131423294078, 0.9375267403695552, -0.20834848445092757, 0, 0, 0, 1], "fov": 50, "aspect": 1.6097560975609757}, {"camera_to_world": [0.9992794803163055, -0.035349989184593485, 0.013816601732110748, 0.8678910689145882, 0.03794828548570169, 0.9369887152995078, -0.347292492043916, -0.42482224834337073, -0.0006692140691324547, 0.3475665773143714, 0.9376550679682283, -0.229784737741708, 0, 0, 0, 1], "fov": 50, "aspect": 1.6097560975609757}, {"camera_to_world": [0.999255834851707, -0.03573780157824994, 0.014511583413674726, 0.8957183922212497, 0.038552619873033545, 0.9372153573473048, -0.3466137179242758, -0.4431237986380452, -0.0012132665592451148, 0.3469152396345795, 0.9378957002212659, -0.2532291331266968, 0, 0, 0, 1], "fov": 50, "aspect": 1.6097560975609757}, {"camera_to_world": [0.9992332340867116, -0.03607618667961895, 0.015213567999268296, 0.922224784715849, 0.03911256413742888, 0.9373838689392655, -0.34609491411901583, -0.4607040149318502, -0.0017751685009004146, 0.3464245819902374, 0.938076147106237, -0.27804171878244827, 0, 0, 0, 1], "fov": 50, "aspect": 1.6097560975609757}, {"camera_to_world": [0.9992208471733526, -0.036178833833170464, 0.015773095975086325, 0.9470739007823685, 0.03940297391320211, 0.9373304625085602, -0.3462065997353085, -0.4776368593115446, -0.0022592523017488913, 0.34655835877375757, 0.9380256924749324, -0.3035825428855182, 0, 0, 0, 1], "fov": 50, "aspect": 1.6097560975609757}, {"camera_to_world": [0.9992280743252857, -0.03585991848755588, 0.016041250769420482, 0.96992939480479, 0.0392001015391033, 0.9368905846946602, -0.34741816928569164, -0.49399629386388644, -0.0025705095809152316, 0.3477788069399332, 0.9375730872438325, -0.3292116536124612, 0, 0, 0, 1], "fov": 50, "aspect": 1.6097560975609757}, {"camera_to_world": [0.9992636539205235, -0.03493310238759887, 0.015869099249229086, 0.9904549211670957, 0.03827916589301557, 0.9358932356706537, -0.35019788246711187, -0.5098562806756348, -0.0026182841593958184, 0.3505474715120503, 0.9365413043772115, -0.3542890991398331, 0, 0, 0, 1], "fov": 50, "aspect": 1.6097560975609757}, {"camera_to_world": [0.9993342199937475, -0.03320997003695828, 0.015106774627061522, 1.0083141342532667, 0.03641050372463452, 0.9341521223118799, -0.3550127992040974, -0.5252907818335472, -0.0023220611548520186, 0.3553264840542493, 0.9347393742437721, -0.3781749276441879, 0, 0, 0, 1], "fov": 50, "aspect": 1.6097560975609757}, {"camera_to_world": [0.9994422668597419, -0.030498074095842088, 0.01360230461007591, 1.023170688447285, 0.03335464139314422, 0.9314535596854785, -0.3623282131531929, -0.540373759424382, -0.0016196023572212573, 0.36257983069345623, 0.9319513094912788, -0.40022918730208074, 0, 0, 0, 1], "fov": 50, "aspect": 1.6097560975609757}, {"camera_to_world": [0.9995834374696706, -0.026598924095028377, 0.011200391658522919, 1.034688238133133, 0.028856942633571123, 0.9275409627341291, -0.3726057424572086, -0.5551791755348986, -0.00047791020095467294, 0.3727737379258789, 0.9279221475504331, -0.4198119262900677, 0, 0, 0, 1], "fov": 50, "aspect": 1.6097560975609757}, {"camera_to_world": [0.999747680711971, -0.021127723901518687, 0.007628511897898869, 1.04322969574145, 0.022433868045214637, 0.9219065852863094, -0.3867621615027337, -0.5704009349436164, 0.0011386288091764073, 0.3868357109788054, 0.9221479470431831, -0.4371629705834033, 0, 0, 0, 1], "fov": 50, "aspect": 1.6097560975609757}, {"camera_to_world": [0.999904418957446, -0.013584241234279728, 0.0025731963511124354, 1.0506264612296998, 0.01345901218216748, 0.9137844975543307, -0.40597628874166963, -0.5876673003285934, 0.0031635329068545287, 0.4059721177857762, 0.9138799875476424, -0.4545838362638807, 0, 0, 0, 1], "fov": 50, "aspect": 1.6097560975609757}, {"camera_to_world": [0.9999837580570186, -0.004341805492606875, -0.003692200864874511, 1.0564947361678392, 0.002337170164769855, 0.90322941177182, -0.4291516833777455, -0.6062309315568427, 0.005198197551374992, 0.4291360838188701, 0.9032248891094733, -0.47182875888378956, 0, 0, 0, 1], "fov": 50, "aspect": 1.6097560975609757}, {"camera_to_world": [0.9999223201797669, 0.0061453372859792835, -0.010843820173418145, 1.0602717138910338, -0.01040687028214946, 0.8904221881183509, -0.45501650954383877, -0.6251710822961588, 0.006859348164541001, 0.45509401417308204, 0.8904169740108215, -0.48843531714812083, 0, 0, 0, 1], "fov": 50, "aspect": 1.6097560975609757}, {"camera_to_world": [0.9996767325167083, 0.017395361836630638, -0.01854270345150175, 1.0613945877344497, -0.024183508730765264, 0.8756777879701626, -0.48228992272403126, -0.6435670062143369, 0.0078478258254526, 0.48258244170530673, 0.8758153907003219, -0.5039410897618668, 0, 0, 0, 1], "fov": 50, "aspect": 1.6097560975609757}, {"camera_to_world": [0.9992324112967075, 0.02890608239865167, -0.026439111455003498, 1.0593005510332536, -0.03835029630094678, 0.859487369565117, -0.5097163096582902, -0.660497956979172, 0.00799018071118072, 0.5103390049353456, 0.859936193594504, -0.5178836554300192, 0, 0, 0, 1], "fov": 50, "aspect": 1.6097560975609757}, {"camera_to_world": [0.9986080550280452, 0.040169742908505356, -0.03418105012677907, 1.053426797122611, -0.0522416979388695, 0.8425328196546712, -0.5361056358603342, -0.675043188258459, 0.0072634309777624105, 0.5371450824120182, 0.8434585959079542, -0.5298005928575702, 0, 0, 0, 1], "fov": 50, "aspect": 1.6097560975609757}, {"camera_to_world": [0.9978549520710225, 0.05069050828173954, -0.041424232008286176, 1.0432105193376877, -0.06520647022386279, 0.8256725970942629, -0.560368520393999, -0.6862819537199931, 0.005797488101058799, 0.5618676310108583, 0.827206838918758, -0.5392294807495117, 0, 0, 0, 1], "fov": 50, "aspect": 1.6097560975609757}, {"camera_to_world": [0.9970513739361198, 0.059998907527382225, -0.047840242762936955, 1.0280889110136497, -0.07664007044249205, 0.8099034134887764, -0.5815348316496597, -0.6932935070315691, 0.0038545213277346446, 0.5834865824633406, 0.8121136316739089, -0.5457078978108356, 0, 0, 0, 1], "fov": 50, "aspect": 1.6097560975609757}, {"camera_to_world": [0.9962934308793725, 0.06765833517985909, -0.053120139940505684, 1.007499165485664, -0.08600114396992628, 0.7963068970515115, -0.598747967799522, -0.6951571018609821, 0.0017896431133266125, 0.6010970598737637, 0.7991740247209265, -0.5487734227465337, 0, 0, 0, 1], "fov": 50, "aspect": 1.6097560975609757}, {"camera_to_world": [0.9956842075865306, 0.0732609202759112, -0.05697189064011394, 0.9808784760888953, -0.0928060276209607, 0.7859914191123696, -0.6112319775003114, -0.6909519918760268, 1.3877787807814454e-17, 0.6138813620253104, 0.7893982982993756, -0.5479636342615983, 0, 0, 0, 1], "fov": 50, "aspect": 1.6097560975609757}, {"camera_to_world": [0.995264167150009, 0.07689784527003135, -0.05946393007551412, 0.9454096118825706, -0.0971985962054316, 0.7791221005301083, -0.6192908729839678, -0.679283987468371, -0.0012924716216537464, 0.6221378254521884, 0.7829066711037334, -0.5421370505991254, 0, 0, 0, 1], "fov": 50, "aspect": 1.6097560975609757}, {"camera_to_world": [0.9950007043264615, 0.07909576525004854, -0.06097096283768867, 0.9000362445354885, -0.09984539742315068, 0.7749058584240587, -0.6241408552510289, -0.6603094678625888, -0.002120142273219383, 0.627108260589495, 0.778929223034519, -0.5311135245124337, 0, 0, 0, 1], "fov": 50, "aspect": 1.6097560975609757}, {"camera_to_world": [0.9948774899873606, 0.08010342952380162, -0.06166214799189753, 0.846836921297167, -0.10105678061654569, 0.7729563859448446, -0.6263592838926425, -0.6354335399758335, -0.0025113756924598704, 0.6293821303513548, 0.7770919038225282, -0.5158726364718467, 0, 0, 0, 1], "fov": 50, "aspect": 1.6097560975609757}, {"camera_to_world": [0.9948706364807001, 0.08015911441195127, -0.06170034882542011, 0.7878901894171263, -0.10112368419482382, 0.7728483520415079, -0.6264817836470515, -0.6060613107252589, -0.00253321206225518, 0.6295076974298386, 0.776990116869726, -0.49739396694768834, 0, 0, 0, 1], "fov": 50, "aspect": 1.6097560975609757}, {"camera_to_world": [0.9949520963740424, 0.07949478088896803, -0.06124463839646095, 0.7252745961448898, -0.10032524130316349, 0.7741351482973845, -0.62501969419215, -0.5735978870280207, -0.0022741764136307713, 0.6280090381371924, 0.7782027217503407, -0.47665709641028375, 0, 0, 0, 1], "fov": 50, "aspect": 1.6097560975609757}, {"camera_to_world": [0.9950921406011104, 0.07833979286920312, -0.06045253151945458, 0.6610686887299762, -0.09893572327171388, 0.7763615805129666, -0.6224744323778378, -0.5394483758012721, -0.0018314951824009097, 0.6254003303138069, 0.78030191110158, -0.45464160532995634, 0, 0, 0, 1], "fov": 50, "aspect": 1.6097560975609757}, {"camera_to_world": [0.9952611094433508, 0.07692370570525235, -0.05948165708991703, 0.5973510144219043, -0.09722977327660128, 0.7790727782452699, -0.619348026061097, -0.5050178839621664, -0.0013020054421786706, 0.6221963915820858, 0.7828601120788186, -0.43232707417702987, 0, 0, 0, 1], "fov": 50, "aspect": 1.6097560975609757}, {"camera_to_world": [0.9954305165737041, 0.07547793063642931, -0.05849075705315384, 0.536200120470198, -0.09548551611897574, 0.7818198460311012, -0.616149531009639, -0.47171151842785963, -0.0007764568896747037, 0.6189190660649806, 0.7854543823647244, -0.4106930834218295, 0, 0, 0, 1], "fov": 50, "aspect": 1.6097560975609757}, {"camera_to_world": [0.9955735056273802, 0.07423627209419137, -0.057640010395262585, 0.47969455412437617, -0.09398553709029035, 0.7841622548670275, -0.613397323811988, -0.4409343861155049, -0.0003372101102475378, 0.6160994513448429, 0.7876683009629911, -0.39071921353467853, 0, 0, 0, 1], "fov": 50, "aspect": 1.6097560975609757}, {"camera_to_world": [0.9956646174802843, 0.07343443861120931, -0.05709074113808453, 0.4299128626339577, -0.09301594464961839, 0.785666701229893, -0.6116174201406276, -0.4140915939422555, -5.9487632134508375e-05, 0.614276173886302, 0.7890911092242944, -0.37338504498590097, 0, 0, 0, 1], "fov": 50, "aspect": 1.6097560975609757}, {"camera_to_world": [0.9956842075865306, 0.07326092027591131, -0.056971890640114, 0.38862274247484446, -0.09280602762096081, 0.7859914191123695, -0.6112319775003114, -0.3923550313348854, -1.3877787807814454e-17, 0.6138813620253105, 0.7893982982993756, -0.3595035348400479, 0, 0, 0, 1], "fov": 50, "aspect": 1.6097560975609757}, {"camera_to_world": [0.9956842075865306, 0.07326092027591131, -0.056971890640114, 0.3530715331821979, -0.09280602762096081, 0.7859914191123695, -0.6112319775003114, -0.3735995729681404, -1.3877787807814454e-17, 0.6138813620253105, 0.7893982982993756, -0.3475469391407419, 0, 0, 0, 1], "fov": 50, "aspect": 1.6097560975609757}, {"camera_to_world": [0.9956842075865306, 0.0732609202759113, -0.056971890640114, 0.32162516748206144, -0.09280602762096081, 0.7859914191123695, -0.6112319775003114, -0.3567399405868946, -6.938893903907227e-18, 0.6138813620253105, 0.7893982982993756, -0.3367620317613354, 0, 0, 0, 1], "fov": 50, "aspect": 1.6097560975609757}, {"camera_to_world": [0.9956842075865306, 0.07326092027591131, -0.056971890640114, 0.293695444280646, -0.09280602762096081, 0.7859914191123695, -0.6112319775003114, -0.34149912468069077, -1.3877787807814454e-17, 0.6138813620253105, 0.7893982982993756, -0.3269767751603666, 0, 0, 0, 1], "fov": 50, "aspect": 1.6097560975609757}, {"camera_to_world": [0.9956842075865306, 0.07326092027591131, -0.056971890640113994, 0.26869416248416106, -0.09280602762096081, 0.7859914191123695, -0.6112319775003114, -0.3276001157390702, -2.081668171172168e-17, 0.6138813620253105, 0.7893982982993756, -0.31801913179637314, 0, 0, 0, 1], "fov": 50, "aspect": 1.6097560975609757}, {"camera_to_world": [0.9956842075865306, 0.07326092027591129, -0.056971890640114, 0.2460331209988161, -0.0928060276209608, 0.7859914191123695, -0.6112319775003114, -0.31476590425157497, 6.938893903907227e-18, 0.6138813620253105, 0.7893982982993756, -0.3097170641278926, 0, 0, 0, 1], "fov": 50, "aspect": 1.6097560975609757}, {"camera_to_world": [0.9956842075865306, 0.07326092027591129, -0.05697189064011399, 0.22512411873082266, -0.09280602762096078, 0.7859914191123695, -0.6112319775003114, -0.3027194807077475, 0, 0.6138813620253105, 0.7893982982993756, -0.30189853461346333, 0, 0, 0, 1], "fov": 50, "aspect": 1.6097560975609757}, {"camera_to_world": [0.9956842075865306, 0.07326092027591127, -0.05697189064011399, 0.20537895458639005, -0.09280602762096078, 0.7859914191123695, -0.6112319775003114, -0.2911838355971295, 6.938893903907227e-18, 0.6138813620253105, 0.7893982982993756, -0.29439150571162287, 0, 0, 0, 1], "fov": 50, "aspect": 1.6097560975609757}, {"camera_to_world": [0.9956842075865306, 0.07326092027591127, -0.05697189064011399, 0.18620942747172792, -0.09280602762096078, 0.7859914191123695, -0.6112319775003114, -0.27988195940926275, 6.938893903907227e-18, 0.6138813620253105, 0.7893982982993756, -0.28702393988090885, 0, 0, 0, 1], "fov": 50, "aspect": 1.6097560975609757}, {"camera_to_world": [0.9956842075865306, 0.07326092027591126, -0.05697189064011398, 0.1670273362930476, -0.09280602762096077, 0.7859914191123695, -0.6112319775003114, -0.2685368426336899, 6.938893903907227e-18, 0.6138813620253105, 0.7893982982993756, -0.2796237995798596, 0, 0, 0, 1], "fov": 50, "aspect": 1.6097560975609757}, {"camera_to_world": [0.9956842075865306, 0.07326092027591126, -0.05697189064011397, 0.14724447995655818, -0.09280602762096075, 0.7859914191123695, -0.6112319775003114, -0.2568714757599523, 0, 0.6138813620253105, 0.7893982982993756, -0.2720190472670126, 0, 0, 0, 1], "fov": 50, "aspect": 1.6097560975609757}, {"camera_to_world": [0.9956842075865306, 0.07326092027591126, -0.05697189064011399, 0.12691361173089993, -0.09280602762096077, 0.7859914191123695, -0.6112319775003114, -0.24490292684483655, 1.3877787807814454e-17, 0.6138813620253105, 0.7893982982993756, -0.2642190914864017, 0, 0, 0, 1], "fov": 50, "aspect": 1.6097560975609757}, {"camera_to_world": [0.9956842075865306, 0.07326092027591126, -0.05697189064011399, 0.10770997507555218, -0.09280602762096077, 0.7859914191123695, -0.6112319775003114, -0.23339972963185965, 1.3877787807814454e-17, 0.6138813620253105, 0.7893982982993756, -0.2566981042921889, 0, 0, 0, 1], "fov": 50, "aspect": 1.6097560975609757}, {"camera_to_world": [0.9956842075865306, 0.07326092027591126, -0.05697189064011399, 0.08958793438312256, -0.09280602762096077, 0.7859914191123695, -0.6112319775003114, -0.22234875126248793, 1.3877787807814454e-17, 0.6138813620253105, 0.7893982982993756, -0.24944921047794197, 0, 0, 0, 1], "fov": 50, "aspect": 1.6097560975609757}, {"camera_to_world": [0.9956842075865306, 0.07326092027591125, -0.05697189064011398, 0.07234882917062613, -0.09280602762096075, 0.7859914191123695, -0.6112319775003114, -0.21166693113279397, 1.3877787807814454e-17, 0.6138813620253105, 0.7893982982993756, -0.242422433708565, 0, 0, 0, 1], "fov": 50, "aspect": 1.6097560975609757}, {"camera_to_world": [0.9956842075865306, 0.07326092027591126, -0.05697189064011398, 0.05579399895507792, -0.09280602762096077, 0.7859914191123695, -0.6112319775003114, -0.20127120863885017, 6.938893903907227e-18, 0.6138813620253105, 0.7893982982993756, -0.2355677976489624, 0, 0, 0, 1], "fov": 50, "aspect": 1.6097560975609757}, {"camera_to_world": [0.9956842075865306, 0.07326092027591126, -0.05697189064011399, 0.039724783253492955, -0.09280602762096077, 0.7859914191123695, -0.6112319775003114, -0.19107852317672916, 1.3877787807814454e-17, 0.6138813620253105, 0.7893982982993756, -0.2288353259640383, 0, 0, 0, 1], "fov": 50, "aspect": 1.6097560975609757}, {"camera_to_world": [0.9956842075865306, 0.07326092027591127, -0.05697189064011399, 0.02394252158288626, -0.09280602762096078, 0.7859914191123695, -0.6112319775003114, -0.18100581414250339, 6.938893903907227e-18, 0.6138813620253105, 0.7893982982993756, -0.22217504231869695, 0, 0, 0, 1], "fov": 50, "aspect": 1.6097560975609757}, {"camera_to_world": [0.9956842075865306, 0.07326092027591126, -0.05697189064011399, 0.008248553460272898, -0.09280602762096077, 0.7859914191123695, -0.6112319775003114, -0.17097002093224536, 1.3877787807814454e-17, 0.6138813620253105, 0.7893982982993756, -0.21553697037784258, 0, 0, 0, 1], "fov": 50, "aspect": 1.6097560975609757}, {"camera_to_world": [0.9956842075865306, 0.07326092027591126, -0.05697189064011398, -0.007555781597332108, -0.09280602762096077, 0.7859914191123695, -0.6112319775003114, -0.1608880829420276, 6.938893903907227e-18, 0.6138813620253105, 0.7893982982993756, -0.20887113380637953, 0, 0, 0, 1], "fov": 50, "aspect": 1.6097560975609757}, {"camera_to_world": [0.9956842075865306, 0.07326092027591126, -0.05697189064011399, -0.02366914407291372, -0.09280602762096077, 0.7859914191123695, -0.6112319775003114, -0.15067693956792272, 1.3877787807814454e-17, 0.6138813620253105, 0.7893982982993756, -0.20212755626921194, 0, 0, 0, 1], "fov": 50, "aspect": 1.6097560975609757}], "fps": 24, "seconds": 4, "smoothness_value": 0.5, "is_cycle": false, "crop": null}